<?xml version="1.00000"?>
<opencv_storage>
<imagelist>
"left000000.jpg"
"right000000.jpg"
"left000001.jpg"
"right000001.jpg"
"left000002.jpg"
"right000002.jpg"
"left000003.jpg"
"right000003.jpg"
"left000004.jpg"
"right000004.jpg"
"left000005.jpg"
"right000005.jpg"
"left000006.jpg"
"right000006.jpg"
"left000007.jpg"
"right000007.jpg"
"left000008.jpg"
"right000008.jpg"
"left000009.jpg"
"right000009.jpg"
"left000010.jpg"
"right000010.jpg"
"left000011.jpg"
"right000011.jpg"
"left000012.jpg"
"right000012.jpg"
"left000013.jpg"
"right000013.jpg"
"left000014.jpg"
"right000014.jpg"
"left000015.jpg"
"right000015.jpg"
"left000016.jpg"
"right000016.jpg"
"left000017.jpg"
"right000017.jpg"
"left000018.jpg"
"right000018.jpg"
"left000019.jpg"
"right000019.jpg"
</imagelist>
</opencv_storage>
